3 0.14765625 0.47291666666666665 0.284375 0.26944444444444443
3 0.380859375 0.08472222222222223 0.20703125 0.16944444444444445
3 0.534765625 0.07013888888888889 0.14140625 0.14027777777777778
3 0.278515625 0.48541666666666666 0.12890625 0.09166666666666666
3 0.34609375 0.46458333333333335 0.137890625 0.10277777777777777
3 0.416796875 0.6236111111111111 0.14609375 0.1
3 0.57265625 0.2590277777777778 0.6375 0.4263888888888889
3 0.6140625 0.47291666666666665 0.476953125 0.29930555555555555
3 0.76484375 0.2076388888888889 0.172265625 0.08611111111111111
3 0.8234375 0.25972222222222224 0.122265625 0.06666666666666667
3 0.896484375 0.3090277777777778 0.131640625 0.08125
3 0.8703125 0.49722222222222223 0.07265625 0.06319444444444444
3 0.9078125 0.4791666666666667 0.064453125 0.044444444444444446
3 0.95703125 0.47708333333333336 0.04609375 0.04861111111111111
3 0.851171875 0.02013888888888889 0.0578125 0.03958333333333333