2 0.732421875 0.26666666666666666 0.38984375 0.4083333333333333
1 0.429296875 0.24513888888888888 0.0359375 0.05763888888888889
1 0.4640625 0.2791666666666667 0.039453125 0.049305555555555554
1 0.505078125 0.2951388888888889 0.030859375 0.03611111111111111
1 0.5203125 0.31666666666666665 0.028125 0.030555555555555555
1 0.536328125 0.33125 0.02421875 0.0375
1 0.5546875 0.3402777777777778 0.034765625 0.04652777777777778
1 0.5796875 0.3472222222222222 0.03671875 0.04722222222222222
1 0.598046875 0.36319444444444443 0.02578125 0.034027777777777775
1 0.63046875 0.37569444444444444 0.0265625 0.0375
1 0.24453125 0.5201388888888889 0.036328125 0.04027777777777778
1 0.311328125 0.5256944444444445 0.026171875 0.043055555555555555
1 0.333203125 0.5388888888888889 0.025390625 0.02847222222222222
1 0.358984375 0.5236111111111111 0.01953125 0.03333333333333333
1 0.370703125 0.5 0.026171875 0.03958333333333333
1 0.38671875 0.5138888888888888 0.0296875 0.03680555555555556
1 0.3953125 0.4888888888888889 0.02265625 0.035416666666666666
1 0.4140625 0.47152777777777777 0.024609375 0.03680555555555556
1 0.4421875 0.4652777777777778 0.023828125 0.0375
1 0.497265625 0.46319444444444446 0.026953125 0.034027777777777775
1 0.511328125 0.4215277777777778 0.0265625 0.03958333333333333
1 0.52890625 0.4652777777777778 0.0234375 0.02361111111111111
1 0.546875 0.45416666666666666 0.02265625 0.034722222222222224
1 0.568359375 0.425 0.021484375 0.03263888888888889
1 0.601171875 0.4041666666666667 0.023046875 0.03680555555555556
1 0.632421875 0.46319444444444446 0.0328125 0.04236111111111111
1 0.66484375 0.35625 0.037890625 0.043055555555555555
1 0.697265625 0.3729166666666667 0.034765625 0.027777777777777776
1 0.7109375 0.40069444444444446 0.025 0.027083333333333334