2 0.5390625 0.44305555555555554 0.033984375 0.044444444444444446
1 0.537109375 0.4083333333333333 0.026953125 0.035416666666666666
1 0.393359375 0.4173611111111111 0.021875 0.025694444444444443
1 0.408203125 0.48680555555555555 0.026171875 0.03819444444444445
1 0.378125 0.7645833333333333 0.024609375 0.034722222222222224
1 0.446875 0.8277777777777777 0.021484375 0.03680555555555556
1 0.591015625 0.8409722222222222 0.02109375 0.03611111111111111
1 0.0109375 0.6958333333333333 0.021484375 0.044444444444444446
1 0.1203125 0.5916666666666667 0.0234375 0.03333333333333333
1 0.14296875 0.7777777777777778 0.026171875 0.04097222222222222
1 0.1515625 0.9666666666666667 0.024609375 0.043055555555555555