2 0.528515625 0.41805555555555557 0.02734375 0.03888888888888889
1 0.398828125 0.4083333333333333 0.028515625 0.03888888888888889
1 0.371875 0.3645833333333333 0.023828125 0.029861111111111113
1 0.081640625 0.6097222222222223 0.026953125 0.04861111111111111
1 0.18828125 0.5333333333333333 0.021875 0.03888888888888889
1 0.041796875 0.8104166666666667 0.028515625 0.0375
1 0.0140625 0.8513888888888889 0.021484375 0.04027777777777778
1 0.24921875 0.7597222222222222 0.022265625 0.0375
1 0.397265625 0.7118055555555556 0.021484375 0.035416666666666666
1 0.518359375 0.7361111111111112 0.018359375 0.030555555555555555
1 0.519140625 0.76875 0.01484375 0.022222222222222223
1 0.17578125 0.9097222222222222 0.01953125 0.034027777777777775
1 0.50078125 0.9868055555555556 0.015625 0.025694444444444443
1 0.518359375 0.9701388888888889 0.01328125 0.02847222222222222
1 0.542578125 0.9513888888888888 0.013671875 0.02847222222222222
1 0.6 0.9666666666666667 0.018359375 0.0375
1 0.64296875 0.9395833333333333 0.02265625 0.030555555555555555
1 0.945703125 0.8048611111111111 0.01953125 0.03125
1 0.888671875 0.9041666666666667 0.020703125 0.034027777777777775